<!DOCTYPE html>
<html dir="ltr" lang="en-gb">
<head>
<meta charset="utf-8" />
<meta http-equiv="X-UA-Compatible" content="IE=edge">
<meta name="viewport" content="width=device-width, initial-scale=1" />

<title>[HELP]Bones in noesis - XeNTaX</title>


	<link rel="canonical" href="https://forum.xentax.com/viewtopic.php?t=19223">

<!--
	phpBB style name: prosilver
	Based on style:   prosilver (this is the default phpBB3 style)
	Original author:  Tom Beddard ( http://www.subBlue.com/ )
	Modified by:
-->

<link href="./assets/css/font-awesome.min.css?assets_version=11" rel="stylesheet">
<link href="./styles/prosilver/theme/stylesheet.css?assets_version=11" rel="stylesheet">
<link href="./styles/prosilver/theme/en/stylesheet.css?assets_version=11" rel="stylesheet">




<!--[if lte IE 9]>
	<link href="./styles/prosilver/theme/tweaks.css?assets_version=11" rel="stylesheet">
<![endif]-->


<link href="./ext/gfksx/thanksforposts/styles/prosilver/theme/thanks.css?assets_version=11" rel="stylesheet" media="screen" />
<link href="./ext/hifikabin/headerbanner/styles/prosilver/theme/headerbanner.css?assets_version=11" rel="stylesheet" media="screen" />
<link href="./ext/hifikabin/headerbanner/styles/prosilver/theme/headerbanner_background.css?assets_version=11" rel="stylesheet" media="screen" />
<link href="./ext/phpbb/boardannouncements/styles/all/theme/boardannouncements.css?assets_version=11" rel="stylesheet" media="screen" />



</head>
<body id="phpbb" class="nojs notouch section-viewtopic ltr ">


<div id="wrap" class="wrap">
	<a id="top" class="top-anchor" accesskey="t"></a>
	<div id="page-header">
		<div class="headerbar" role="banner">
					<div class="inner">

			<div id="site-description" class="site-description">
		<a id="logo" class="logo" href="./index.php" title="Board index">
					<span class="site_logo"></span>
				</a>
				<h1>XeNTaX</h1>
				<p>Game Research Forum</p>
				<p class="skiplink"><a href="#start_here">Skip to content</a></p>
			</div>

									<div class="banner-header">
	<div style="position:absolute; z-index:-100;">
	<h1>XeNTaX</h1>
	<p>Game Research Forum</p>
	<p class="skiplink"><a href="#start_here">Skip to content</a></p>
</div>
<div class="header-banner">
	<a href="./index.php" title="Board index"><img class="header-banner" style="border-radius:0px; width:1500px;" src="http://forum.xentax.com/images/gameresforum_logo_1.png" alt="Board index" ></a>
</div>
</div>

			</div>
					</div>
				<div class="navbar" role="navigation">
	<div class="inner">

	<ul id="nav-main" class="nav-main linklist" role="menubar">

		<li id="quick-links" class="quick-links dropdown-container responsive-menu" data-skip-responsive="true">
			<a href="#" class="dropdown-trigger">
				<i class="icon fa-bars fa-fw" aria-hidden="true"></i><span>Quick links</span>
			</a>
			<div class="dropdown">
				<div class="pointer"><div class="pointer-inner"></div></div>
				<ul class="dropdown-contents" role="menu">
					
											<li class="separator"></li>
													<li>
								<a href="./search.php?search_id=egosearch" role="menuitem">
									<i class="icon fa-file-o fa-fw icon-gray" aria-hidden="true"></i><span>Your posts</span>
								</a>
							</li>
																			<li>
								<a href="./search.php?search_id=newposts" role="menuitem">
									<i class="icon fa-file-o fa-fw icon-red" aria-hidden="true"></i><span>New posts</span>
								</a>
							</li>
																			<li>
								<a href="./search.php?search_id=unreadposts" role="menuitem">
									<i class="icon fa-file-o fa-fw icon-red" aria-hidden="true"></i><span>Unread posts</span>
								</a>
							</li>
													<li>
								<a href="./search.php?search_id=unanswered" role="menuitem">
									<i class="icon fa-file-o fa-fw icon-gray" aria-hidden="true"></i><span>Unanswered topics</span>
								</a>
							</li>
							<li>
								<a href="./search.php?search_id=active_topics" role="menuitem">
									<i class="icon fa-file-o fa-fw icon-blue" aria-hidden="true"></i><span>Active topics</span>
								</a>
							</li>
							<li class="separator"></li>
							<li>
								<a href="./search.php" role="menuitem">
									<i class="icon fa-search fa-fw" aria-hidden="true"></i><span>Search</span>
								</a>
							</li>
					
											<li class="separator"></li>
													<li>
								<a href="./memberlist.php" role="menuitem">
									<i class="icon fa-group fa-fw" aria-hidden="true"></i><span>Members</span>
								</a>
							</li>
																			<li>
								<a href="./memberlist.php?mode=team" role="menuitem">
									<i class="icon fa-shield fa-fw" aria-hidden="true"></i><span>The team</span>
								</a>
							</li>
																<li class="separator"></li>

						<li>
		<a href="/app.php/toplist"  role="menuitem">
			<i class="icon fa-star-o fa-fw" aria-hidden="true"></i><span>Posts toplist</span>
		</a>
	</li>
	<li>
		<a href="/app.php/thankslist"  role="menuitem">
			<i class="icon fa-thumbs-o-up fa-fw" aria-hidden="true"></i><span>Thanks list</span>
		</a>
	</li>
				</ul>
			</div>
		</li>

				<li data-last-responsive="true">
			<a href="/app.php/help/faq" rel="help" title="Frequently Asked Questions" role="menuitem">
				<i class="icon fa-question-circle fa-fw" aria-hidden="true"></i><span>FAQ</span>
			</a>
		</li>
						
					<li id="username_logged_in" class="rightside " data-skip-responsive="true">
						<div class="header-profile dropdown-container">
				<a href="./ucp.php" class="header-avatar dropdown-trigger"> <span class="username">escape209</span></a>
				<div class="dropdown">
					<div class="pointer"><div class="pointer-inner"></div></div>
					<ul class="dropdown-contents" role="menu">
						
					
						<li>
							<a href="./ucp.php" title="User Control Panel" role="menuitem">
								<i class="icon fa-sliders fa-fw" aria-hidden="true"></i><span>User Control Panel</span>
							</a>
						</li>
													<li>
								<a href="./memberlist.php?mode=viewprofile&u=123876.html" title="Profile" role="menuitem">
									<i class="icon fa-user fa-fw" aria-hidden="true"></i><span>Profile</span>
								</a>
							</li>
						
						
						<li class="separator"></li>
						<li>
							<a href="./ucp.php?mode=logout&amp;sid=959ea14a0771cc2de19d1bba114b7679" title="Logout" accesskey="x" role="menuitem">
								<i class="icon fa-power-off fa-fw" aria-hidden="true"></i><span>Logout</span>
							</a>
						</li>
					</ul>
				</div>
			</div>
					</li>
					<li class="rightside" data-skip-responsive="true">
				<a href="./ucp.php?i=pm&amp;folder=inbox" role="menuitem">
					<i class="icon fa-inbox fa-fw" aria-hidden="true"></i><span>Private messages </span><strong class="badge hidden">0</strong>
				</a>
			</li>
							<li class="dropdown-container dropdown-right rightside" data-skip-responsive="true">
				<a href="./ucp.php?i=ucp_notifications" id="notification_list_button" class="dropdown-trigger">
					<i class="icon fa-bell fa-fw" aria-hidden="true"></i><span>Notifications </span><strong class="badge hidden">0</strong>
				</a>
				<div id="notification_list" class="dropdown dropdown-extended notification_list">
	<div class="pointer"><div class="pointer-inner"></div></div>
	<div class="dropdown-contents">
		<div class="header">
			Notifications
			<span class="header_settings">
				<a href="./ucp.php?i=ucp_notifications&amp;mode=notification_options">Settings</a>
							</span>
		</div>

		<ul>
							<li class="no_notifications">
					You have no notifications
				</li>
								</ul>

		<div class="footer">
			<a href="./ucp.php?i=ucp_notifications"><span>See All</span></a>
		</div>
	</div>
</div>
			</li>
						</ul>

	<ul id="nav-breadcrumbs" class="nav-breadcrumbs linklist navlinks" role="menubar">
				
		
		<li class="breadcrumbs" itemscope itemtype="https://schema.org/BreadcrumbList">

			
							<span class="crumb" itemtype="https://schema.org/ListItem" itemprop="itemListElement" itemscope><a itemprop="item" href="./index.php" accesskey="h" data-navbar-reference="index"><i class="icon fa-home fa-fw"></i><span itemprop="name">Board index</span></a><meta itemprop="position" content="1" /></span>

											
								<span class="crumb" itemtype="https://schema.org/ListItem" itemprop="itemListElement" itemscope data-forum-id="24"><a itemprop="item" href="./viewforum.php?f=24"><span itemprop="name">Game Modding</span></a><meta itemprop="position" content="2" /></span>
															
								<span class="crumb" itemtype="https://schema.org/ListItem" itemprop="itemListElement" itemscope data-forum-id="16"><a itemprop="item" href="./viewforum.php?f=16"><span itemprop="name">3D/2D models</span></a><meta itemprop="position" content="3" /></span>
							
					</li>

		<li class="rightside responsive-search">
	<a href="./search.php" title="View the advanced search options" role="menuitem">
	<i class="icon fa-search fa-fw" aria-hidden="true"></i><span class="sr-only">Search</span>
	</a>
</li>

			</ul>

	</div>
</div>
	</div>

	
	<a id="start_here" class="anchor"></a>
	<div id="page-body" class="page-body" role="main">
		
					<div id="phpbb_announcement" style="background-color:#d9efff">
				<div><strong class="text-strong"><span style="color:#00BF00"><span style="font-size:120%;line-height:116%">Important information: this site is currently <a href="https://forum.xentax.com/viewtopic.php?t=27281" class="postlink">scheduled to go offline indefinitely</a> by end of the year. </span></span></strong></div>
	</div>

<h2 class="topic-title"><a href="./19223.html">[HELP]Bones in noesis</a></h2>
<!-- NOTE: remove the style="display: none" when you want to have the forum description on the topic body -->
<div style="display: none !important;">Post questions about game models here, or help out others!<br /></div>

	<div class="rules rules-link">
		<div class="inner">

					<a href="http://forum.xentax.com/viewtopic.php?f=28&amp;t=1270">Forum rules</a>
		
		</div>
	</div>

<div class="action-bar bar-top">
	
			<a href="./posting.php?mode=reply&amp;t=19223" class="button" title="Post a reply">
							<span>Post Reply</span> <i class="icon fa-reply fa-fw" aria-hidden="true"></i>
					</a>
	
			<div class="dropdown-container dropdown-button-control topic-tools">
		<span title="Topic tools" class="button button-secondary dropdown-trigger dropdown-select">
			<i class="icon fa-wrench fa-fw" aria-hidden="true"></i>
			<span class="caret"><i class="icon fa-sort-down fa-fw" aria-hidden="true"></i></span>
		</span>
		<div class="dropdown">
			<div class="pointer"><div class="pointer-inner"></div></div>
			<ul class="dropdown-contents">
													<li>
						<a href="./viewtopic.php?uid=123876&amp;f=16&amp;t=19223&amp;watch=topic&amp;start=0&amp;hash=362b7339" class="watch-topic-link" title="Subscribe topic" data-ajax="toggle_link" data-toggle-class="icon fa-square-o fa-fw" data-toggle-text="Unsubscribe topic" data-toggle-url="./viewtopic.php?uid=123876&amp;f=16&amp;t=19223&amp;unwatch=topic&amp;start=0&amp;hash=362b7339" data-update-all=".watch-topic-link">
							<i class="icon fa-check-square-o fa-fw" aria-hidden="true"></i><span>Subscribe topic</span>
						</a>
					</li>
													<li>
						<a href="./viewtopic.php?t=19223&amp;bookmark=1&amp;hash=362b7339" class="bookmark-link" title="Bookmark topic" data-ajax="alt_text" data-alt-text="Remove from bookmarks" data-update-all=".bookmark-link">
							<i class="icon fa-bookmark-o fa-fw" aria-hidden="true"></i><span>Bookmark topic</span>
						</a>
					</li>
																<li>
					<a href="./memberlist.php?mode=email&amp;t=19223" title="Email topic">
						<i class="icon fa-envelope-o fa-fw" aria-hidden="true"></i><span>Email topic</span>
					</a>
				</li>
												<li>
					<a href="./viewtopic.php?t=19223&amp;view=print" title="Print view" accesskey="p">
						<i class="icon fa-print fa-fw" aria-hidden="true"></i><span>Print view</span>
					</a>
				</li>
											</ul>
		</div>
	</div>
	
			<div class="search-box" role="search">
			<form method="get" id="topic-search" action="./search.php">
			<fieldset>
				<input class="inputbox search tiny"  type="search" name="keywords" id="search_keywords" size="20" placeholder="Search this topic…" />
				<button class="button button-search" type="submit" title="Search">
					<i class="icon fa-search fa-fw" aria-hidden="true"></i><span class="sr-only">Search</span>
				</button>
				<a href="./search.php" class="button button-search-end" title="Advanced search">
					<i class="icon fa-cog fa-fw" aria-hidden="true"></i><span class="sr-only">Advanced search</span>
				</a>
				<input type="hidden" name="t" value="19223" />
<input type="hidden" name="sf" value="msgonly" />

			</fieldset>
			</form>
		</div>
	
			<div class="pagination">
			13 posts
							&bull; Page <strong>1</strong> of <strong>1</strong>
					</div>
		</div>




			<div id="p146903" class="post has-profile bg2">
		<div class="inner">

		<dl class="postprofile" id="profile146903">
			<dt class="has-profile-rank no-avatar">
				<div class="avatar-container">
																			</div>
								<a href="./memberlist.php?mode=viewprofile&u=71854.html" class="username">Repeperilka</a>							</dt>

						<dd class="profile-rank">n00b</dd>			
		<dd class="profile-posts"><strong>Posts:</strong> <a href="./search.php?author_id=71854&amp;sr=posts">14</a></dd>		<dd class="profile-joined"><strong>Joined:</strong> Fri Jun 08, 2018 10:36 pm</dd>		
		
						    <dd class="profile-posts" data-user-give-id="71854"><strong>Has&nbsp;thanked:</strong> <a href="/app.php/thankslist/givens/71854/true">6 times</a></dd>
    <dd class="profile-posts" data-user-receive-id="71854"><strong>Been&nbsp;thanked:</strong> <a href="/app.php/thankslist/givens/71854/false">1 time</a></dd>

							<dd class="profile-contact">
				<strong>Contact:</strong>
				<div class="dropdown-container dropdown-left">
					<a href="#" class="dropdown-trigger" title="Contact Repeperilka">
						<i class="icon fa-commenting-o fa-fw icon-lg" aria-hidden="true"></i><span class="sr-only">Contact Repeperilka</span>
					</a>
					<div class="dropdown">
						<div class="pointer"><div class="pointer-inner"></div></div>
						<div class="dropdown-contents contact-icons">
																																								<div>
																	<a href="./ucp.php?i=pm&amp;mode=compose&amp;action=quotepost&amp;p=146903" title="Send private message" class="last-cell">
										<span class="contact-icon pm-icon">Send private message</span>									</a>
																	</div>
																					</div>
					</div>
				</div>
			</dd>
				
		</dl>

		<div class="postbody">
						<div id="post_content146903">

					<h3 class="first">
						<a href="./viewtopic.php?p=146903#p146903">[HELP]Bones in noesis</a>
		</h3>

													<ul class="post-buttons">
																										<li>
							<a href="/app.php/post/146903/report" title="Report this post" class="button button-icon-only">
								<i class="icon fa-exclamation fa-fw" aria-hidden="true"></i><span class="sr-only">Report</span>
							</a>
						</li>
																										<li>
							<a href="./posting.php?mode=quote&amp;p=146903" title="Reply with quote" class="button button-icon-only">
								<i class="icon fa-quote-left fa-fw" aria-hidden="true"></i><span class="sr-only">Quote</span>
							</a>
						</li>
													<li>
			<a id='lnk_thanks_post146903' href="./viewtopic.php?f=16&amp;p=146903&amp;thanks=146903&amp;to_id=71854&amp;from_id=123876" title="Say Thanks to the author of the post: Repeperilka"  class="button button-icon-only">
				<i class="icon thanks-icon fa-fw" aria-hidden="true"></i><span class="sr-only">Thanks</span>
			</a>
		</li>
					</ul>
							
						<p class="author">
									<a class="unread" href="./viewtopic.php?p=146903#p146903" title="Post">
						<i class="icon fa-file fa-fw icon-lightgray icon-md" aria-hidden="true"></i><span class="sr-only">Post</span>
					</a>
								<span class="responsive-hide">by <strong><a href="./memberlist.php?mode=viewprofile&u=71854.html" class="username">Repeperilka</a></strong> &raquo; </span><time datetime="2018-12-23T11:34:55+00:00">Sun Dec 23, 2018 12:34 pm</time>
			</p>
			
			
			
			<div class="content">Hi there!<br>
<br>
So, i found the archive of a model from Leisure Suit Larry: Magna Cum Laude that looks like the skeleton of one of the girls. Now, before saying anything else, I must say i am a complete noob when it comes to skeletons and noesis scripting so, i want to know if this file is in fact the skeleton, how bones and skeletons work in noesis and, if the file is the skeleton data, how do i translate it into data that noesis can interpret.<br>
<br>
Here is the file, it is basicaly a txt with .AKC extension:
<div class="codebox"><p>Code: <a href="#" onclick="selectCode(this); return false;">Select all</a></p><pre><code>RotTransCoordSys[45]
LocalDrawingTransform[45]
CoordSys
{
	RotTransCoordSys "ROOTR"
	{
		Position -0.000000 -0.037779 0.941825
		Orientation 0.000000 0.000000 0.707106 0.707107
		LocalDrawingTransform 1.000000 0.000000 0.000000 0.000000  0.000000 1.000000 0.000000 0.000000  0.000000 0.000000 1.000000 0.000000  0.000000 0.000000 0.000000 1.000000
	}
	RotTransCoordSys "PELVISR"
	{
		Position 0.005879 -0.000000 0.000000
		Orientation 0.499999 0.500000 0.500000 0.500001
		Parent "ROOTR"
		LocalDrawingTransform 0.000000 1.000000 -0.000001 0.000000  -0.000001 0.000001 1.000000 0.000000  1.000000 0.000000 0.000001 0.000000  -0.000000 -0.005879 0.000000 1.000000
	}
	RotTransCoordSys "SPINER"
	{
		Position 0.092884 -0.006639 0.000000
		Orientation 0.000002 0.000001 -0.130921 0.991393
		Parent "PELVISR"
		LocalDrawingTransform 0.259588 0.965719 0.000003 0.000000  0.000000 -0.000003 1.000000 0.000000  0.965719 -0.259588 -0.000001 0.000000  -0.089503 0.024845 0.000000 1.000000
	}
	RotTransCoordSys "SPINE1R"
	{
		Position 0.120631 -0.000069 -0.000000
		Orientation 0.000000 -0.000000 0.173648 0.984808
		Parent "SPINER"
		LocalDrawingTransform -0.086363 0.996264 0.000003 0.000000  0.000000 -0.000003 1.000000 0.000000  0.996264 0.086363 0.000000 0.000000  -0.205982 -0.048458 -0.000000 1.000000
	}
	RotTransCoordSys "SPINE2R"
	{
		Position 0.092234 -0.000121 -0.000000
		Orientation -0.000000 -0.000000 0.043619 0.999048
		Parent "SPINE1R"
		LocalDrawingTransform -0.172864 0.984946 0.000003 0.000000  0.000000 -0.000003 1.000000 0.000000  0.984946 0.172864 0.000000 0.000000  -0.292869 -0.074144 -0.000000 1.000000
	}
	RotTransCoordSys "NECKR"
	{
		Position 0.152646 -0.000049 -0.000000
		Orientation 0.000000 0.000000 -0.160743 0.986996
		Parent "SPINE2R"
		LocalDrawingTransform 0.148597 0.988898 0.000003 0.000000  0.000000 -0.000003 1.000000 0.000000  0.988898 -0.148597 -0.000000 0.000000  -0.446003 0.071097 0.000000 1.000000
	}
	RotTransCoordSys "HEADR"
	{
		Position 0.064642 0.000000 -0.000000
		Orientation 0.000000 -0.000000 0.087553 0.996160
		Parent "NECKR"
		LocalDrawingTransform -0.026179 0.999657 0.000003 0.000000  0.000000 -0.000003 1.000000 0.000000  0.999657 0.026179 0.000000 0.000000  -0.515218 -0.019067 -0.000000 1.000000
	}
	RotTransCoordSys "EYEBROWR"
	{
		Position 0.123660 0.080853 0.000329
		Orientation -0.003012 0.002918 -0.719217 0.694773
		Parent "HEADR"
		LocalDrawingTransform 0.999930 -0.008389 -0.008384 0.000000  0.008384 -0.000012 0.999965 0.000000  -0.008388 -0.999965 0.000058 0.000000  -0.077778 0.641950 0.000331 1.000000
	}
	RotTransCoordSys "JAWR"
	{
		Position 0.050846 0.036597 0.000000
		Orientation -0.000000 0.000002 -0.826495 0.562944
		Parent "HEADR"
		LocalDrawingTransform 0.939808 -0.341702 -0.000001 0.000000  0.000000 -0.000003 1.000000 0.000000  -0.341702 -0.939808 -0.000003 0.000000  0.155489 0.547129 0.000002 1.000000
	}
	RotTransCoordSys "HAIRBN1R"
	{
		Position 0.071848 -0.040862 -0.000000
		Orientation -0.000000 -0.000001 0.954138 0.299367
		Parent "HEADR"
		LocalDrawingTransform -0.549593 -0.835432 0.000001 0.000000  0.000001 0.000001 1.000000 0.000000  -0.835432 0.549593 -0.000000 0.000000  0.469388 -0.353265 0.000000 1.000000
	}
	RotTransCoordSys "HAIRBN2R"
	{
		Position 0.092461 -0.000002 0.000000
		Orientation -0.000000 0.000000 0.269923 0.962882
		Parent "HAIRBN1R"
		LocalDrawingTransform -0.035244 -0.999379 0.000001 0.000000  0.000000 0.000001 1.000000 0.000000  -0.999379 0.035244 0.000000 0.000000  0.505631 -0.105858 -0.000000 1.000000
	}
	RotTransCoordSys "REYER"
	{
		Position 0.096699 0.070851 -0.032818
		Orientation -0.000000 0.000000 -0.000000 1.000000
		Parent "HEADR"
		LocalDrawingTransform -0.027557 1.052271 0.000003 0.000000  -0.000000 -0.000003 1.081584 0.000000  1.052271 0.027557 0.000000 0.000000  -0.644123 -0.094650 0.035495 1.000000
	}
	RotTransCoordSys "LEYER"
	{
		Position 0.096699 0.070851 0.032603
		Orientation -0.000000 0.000000 -0.000000 1.000000
		Parent "HEADR"
		LocalDrawingTransform -0.027557 1.052271 0.000003 0.000000  -0.000000 -0.000003 1.081584 0.000000  1.052271 0.027557 0.000000 0.000000  -0.644123 -0.094650 -0.035263 1.000000
	}
	RotTransCoordSys "LEYELASR"
	{
		Position 0.092774 0.078773 0.034549
		Orientation 0.000000 0.000000 -0.000000 1.000000
		Parent "HEADR"
		LocalDrawingTransform -0.026179 0.999657 0.000003 0.000000  0.000000 -0.000003 1.000000 0.000000  0.999657 0.026179 0.000000 0.000000  -0.607993 -0.097840 -0.034549 1.000000
	}
	RotTransCoordSys "REYELASR"
	{
		Position 0.092774 0.078773 -0.034373
		Orientation 0.000000 0.000000 -0.000000 1.000000
		Parent "HEADR"
		LocalDrawingTransform -0.026179 0.999657 0.000003 0.000000  0.000000 -0.000003 1.000000 0.000000  0.999657 0.026179 0.000000 0.000000  -0.607993 -0.097840 0.034373 1.000000
	}
	RotTransCoordSys "LCLAVICR"
	{
		Position -0.010758 -0.006238 0.028261
		Orientation 0.604495 -0.098696 0.780142 -0.127372
		Parent "NECKR"
		LocalDrawingTransform 0.043358 -0.984808 -0.168148 0.000000  0.968326 -0.000000 0.249690 0.000000  -0.245897 -0.173648 0.953615 0.000000  0.081809 0.065115 -0.430448 1.000000
	}
	RotTransCoordSys "LUPARMR"
	{
		Position 0.104971 -0.000000 0.000000
		Orientation -0.085603 -0.238880 -0.079696 0.963980
		Parent "LCLAVICR"
		LocalDrawingTransform -0.078587 -0.996907 -0.000898 0.000000  0.733925 -0.058465 0.676709 0.000000  -0.674669 0.052521 0.736250 0.000000  0.184813 -0.021485 -0.394264 1.000000
	}
	RotTransCoordSys "L4ARMR"
	{
		Position 0.210644 0.000000 0.000000
		Orientation 0.000000 -0.000000 0.141291 0.989968
		Parent "LUPARMR"
		LocalDrawingTransform 0.203432 -0.979089 -0.000898 0.000000  0.720978 0.149182 0.676709 0.000000  -0.662425 -0.138312 0.736250 0.000000  -0.018789 -0.027853 -0.394264 1.000000
	}
	RotTransCoordSys "LHANDR"
	{
		Position 0.244347 0.000000 0.000000
		Orientation 0.706495 0.021586 -0.021603 0.707058
		Parent "L4ARMR"
		LocalDrawingTransform 0.143280 0.000110 -0.989682 0.000000  0.728741 -0.676626 0.105427 0.000000  -0.669633 -0.736327 -0.097027 0.000000  -0.264346 0.394255 -0.012051 1.000000
	}
	RotTransCoordSys "LFING0R"
	{
		Position 0.025516 0.011878 -0.020037
		Orientation -0.677769 -0.217767 0.097569 0.695476
		Parent "LHANDR"
		LocalDrawingTransform 0.557652 -0.829214 0.037787 0.000000  0.491964 0.366829 0.789562 0.000000  -0.668577 -0.421711 0.612507 0.000000  -0.199346 -0.093922 -0.426304 1.000000
	}
	RotTransCoordSys "LFING01R"
	{
		Position 0.049868 -0.000000 0.000000
		Orientation -0.000000 -0.000000 0.000000 1.000000
		Parent "LFING0R"
		LocalDrawingTransform 0.557652 -0.829214 0.037787 0.000000  0.491964 0.366829 0.789562 0.000000  -0.668577 -0.421711 0.612507 0.000000  -0.249214 -0.093922 -0.426304 1.000000
	}
	RotTransCoordSys "LFING1R"
	{
		Position 0.070766 -0.003528 -0.017944
		Orientation -0.043220 -0.043578 0.000398 0.998115
		Parent "LHANDR"
		LocalDrawingTransform 0.228864 -0.084590 -0.969776 0.000000  0.714786 -0.661681 0.226402 0.000000  -0.660834 -0.744998 -0.090971 0.000000  -0.333169 0.395277 -0.057625 1.000000
	}
	RotTransCoordSys "LFING11R"
	{
		Position 0.026103 0.000000 -0.000000
		Orientation -0.000000 -0.000000 -0.078459 0.996917
		Parent "LFING1R"
		LocalDrawingTransform 0.212813 -0.119351 -0.969776 0.000000  0.602476 -0.765352 0.226402 0.000000  -0.769242 -0.632448 -0.090971 0.000000  -0.293014 0.446613 -0.057625 1.000000
	}
	RotTransCoordSys "LFING2R"
	{
		Position 0.071649 -0.008364 0.011344
		Orientation 0.045814 0.041250 -0.046202 0.997028
		Parent "LHANDR"
		LocalDrawingTransform 0.064975 0.081637 -0.994542 0.000000  0.666481 -0.745314 -0.017637 0.000000  -0.742685 -0.661698 -0.102835 0.000000  -0.296628 0.431121 0.041090 1.000000
	}
	RotTransCoordSys "LFING21R"
	{
		Position 0.031654 0.000000 0.000000
		Orientation 0.000000 -0.000000 -0.043619 0.999048
		Parent "LFING2R"
		LocalDrawingTransform 0.071843 0.075664 -0.994542 0.000000  0.598987 -0.800565 -0.017637 0.000000  -0.797529 -0.594451 -0.102835 0.000000  -0.289458 0.458092 0.041090 1.000000
	}
	RotTransCoordSys "RCLAVICR"
	{
		Position -0.010758 -0.006237 -0.028261
		Orientation -0.604495 0.098694 0.780142 -0.127374
		Parent "NECKR"
		LocalDrawingTransform 0.043358 -0.984808 0.168148 0.000000  -0.968326 0.000000 0.249690 0.000000  -0.245897 -0.173648 -0.953615 0.000000  0.081809 0.065115 0.430448 1.000000
	}
	RotTransCoordSys "RUPARMR"
	{
		Position 0.104971 -0.000000 -0.000000
		Orientation 0.085603 0.238880 -0.079696 0.963980
		Parent "RCLAVICR"
		LocalDrawingTransform -0.078586 -0.996907 0.000898 0.000000  -0.733925 0.058465 0.676710 0.000000  -0.674669 0.052521 -0.736250 0.000000  0.184813 -0.021485 0.394264 1.000000
	}
	RotTransCoordSys "R4ARMR"
	{
		Position 0.210644 0.000000 0.000000
		Orientation -0.000000 -0.000000 0.141291 0.989968
		Parent "RUPARMR"
		LocalDrawingTransform 0.203432 -0.979088 0.000898 0.000000  -0.720978 -0.149182 0.676710 0.000000  -0.662424 -0.138312 -0.736250 0.000000  -0.018789 -0.027853 0.394264 1.000000
	}
	RotTransCoordSys "RHANDR"
	{
		Position 0.244347 -0.000000 0.000000
		Orientation -0.706495 -0.021586 -0.021603 0.707058
		Parent "R4ARMR"
		LocalDrawingTransform 0.143280 0.000110 0.989682 0.000000  -0.728741 0.676626 0.105427 0.000000  -0.669633 -0.736327 0.097027 0.000000  -0.264346 0.394255 0.012051 1.000000
	}
	RotTransCoordSys "RFING0R"
	{
		Position 0.025516 0.011878 0.020037
		Orientation 0.677769 0.217767 0.097569 0.695477
		Parent "RHANDR"
		LocalDrawingTransform 0.557652 -0.829214 -0.037787 0.000000  -0.491964 -0.366829 0.789562 0.000000  -0.668577 -0.421711 -0.612507 0.000000  -0.199346 -0.093922 0.426304 1.000000
	}
	RotTransCoordSys "RFING01R"
	{
		Position 0.049868 0.000000 -0.000000
		Orientation -0.000000 -0.000000 0.000000 1.000000
		Parent "RFING0R"
		LocalDrawingTransform 0.557652 -0.829214 -0.037787 0.000000  -0.491964 -0.366829 0.789562 0.000000  -0.668577 -0.421711 -0.612507 0.000000  -0.249214 -0.093922 0.426304 1.000000
	}
	RotTransCoordSys "RFING1R"
	{
		Position 0.070766 -0.003528 0.017944
		Orientation 0.043220 0.043578 0.000398 0.998115
		Parent "RHANDR"
		LocalDrawingTransform 0.228864 -0.084590 0.969776 0.000000  -0.714786 0.661681 0.226403 0.000000  -0.660834 -0.744998 0.090971 0.000000  -0.333169 0.395276 0.057625 1.000000
	}
	RotTransCoordSys "RFING11R"
	{
		Position 0.026103 0.000000 -0.000000
		Orientation 0.000000 -0.000000 -0.078459 0.996917
		Parent "RFING1R"
		LocalDrawingTransform 0.212813 -0.119351 0.969776 0.000000  -0.602476 0.765352 0.226403 0.000000  -0.769242 -0.632448 0.090971 0.000000  -0.293014 0.446613 0.057625 1.000000
	}
	RotTransCoordSys "RFING2R"
	{
		Position 0.071649 -0.008364 -0.011344
		Orientation -0.045814 -0.041250 -0.046202 0.997028
		Parent "RHANDR"
		LocalDrawingTransform 0.064975 0.081637 0.994542 0.000000  -0.666481 0.745314 -0.017636 0.000000  -0.742685 -0.661698 0.102835 0.000000  -0.296628 0.431121 -0.041090 1.000000
	}
	RotTransCoordSys "RFING21R"
	{
		Position 0.031654 0.000000 0.000000
		Orientation -0.000000 -0.000000 -0.043619 0.999048
		Parent "RFING2R"
		LocalDrawingTransform 0.071843 0.075664 0.994542 0.000000  -0.598987 0.800565 -0.017636 0.000000  -0.797529 -0.594451 0.102835 0.000000  -0.289458 0.458092 -0.041090 1.000000
	}
	RotTransCoordSys "RBREASTR"
	{
		Position 0.048754 0.029431 0.052177
		Orientation -0.083904 0.054871 -0.782075 0.615067
		Parent "SPINE2R"
		LocalDrawingTransform 0.978144 -0.065893 -0.197209 0.000000  0.198734 0.017387 0.979899 0.000000  -0.061140 -0.997675 0.030102 0.000000  -0.030725 0.355485 -0.053324 1.000000
	}
	RotTransCoordSys "LBREASTR"
	{
		Position 0.048754 0.029431 -0.052177
		Orientation 0.083903 -0.054870 -0.782075 0.615067
		Parent "SPINE2R"
		LocalDrawingTransform 0.978144 -0.065892 0.197212 0.000000  -0.198737 -0.017387 0.979899 0.000000  -0.061139 -0.997675 -0.030102 0.000000  -0.030725 0.355484 0.053324 1.000000
	}
	RotTransCoordSys "LTHIGHR"
	{
		Position -0.087976 0.030522 0.080747
		Orientation 0.105086 0.993683 0.010505 0.037963
		Parent "SPINER"
		LocalDrawingTransform -0.052191 0.998598 0.008852 0.000000  0.077653 0.012896 -0.996897 0.000000  -0.995613 -0.051342 -0.078217 0.000000  -0.005963 -0.006912 0.080444 1.000000
	}
	RotTransCoordSys "LCALFR"
	{
		Position 0.380881 0.000000 -0.000000
		Orientation 0.000000 -0.000000 0.005973 0.999982
		Parent "LTHIGHR"
		LocalDrawingTransform -0.064116 0.997903 0.008852 0.000000  0.077494 0.013822 -0.996897 0.000000  -0.994929 -0.063231 -0.078217 0.000000  -0.386734 -0.011533 0.080444 1.000000
	}
	RotTransCoordSys "LFOOTR"
	{
		Position 0.470874 -0.000000 0.000000
		Orientation 0.016112 0.039664 -0.031020 0.998601
		Parent "LCALFR"
		LocalDrawingTransform -0.000000 0.999048 0.043618 0.000000  0.000000 0.043618 -0.999048 0.000000  -1.000000 -0.000000 0.000000 0.000000  -0.847696 0.037744 0.148601 1.000000
	}
	RotTransCoordSys "LTOE0R"
	{
		Position 0.094716 0.129962 0.000000
		Orientation 0.000000 -0.000000 -0.707107 0.707107
		Parent "LFOOTR"
		LocalDrawingTransform 0.999048 0.000000 0.043618 0.000000  0.043618 -0.000000 -0.999048 0.000000  -0.000000 1.000000 0.000000 0.000000  -0.092218 0.942412 0.148601 1.000000
	}
	RotTransCoordSys "RTHIGHR"
	{
		Position -0.087976 0.030523 -0.080747
		Orientation 0.105086 0.993683 -0.010502 -0.037962
		Parent "SPINER"
		LocalDrawingTransform -0.052191 0.998598 -0.008852 0.000000  -0.077653 -0.012896 -0.996897 0.000000  -0.995613 -0.051342 0.078217 0.000000  -0.005963 -0.006912 -0.080444 1.000000
	}
	RotTransCoordSys "RCALFR"
	{
		Position 0.380881 0.000000 -0.000000
		Orientation 0.000000 0.000000 0.005973 0.999982
		Parent "RTHIGHR"
		LocalDrawingTransform -0.064116 0.997903 -0.008852 0.000000  -0.077494 -0.013822 -0.996897 0.000000  -0.994929 -0.063231 0.078217 0.000000  -0.386734 -0.011533 -0.080444 1.000000
	}
	RotTransCoordSys "RFOOTR"
	{
		Position 0.470874 -0.000000 0.000000
		Orientation -0.016112 -0.039664 -0.031020 0.998601
		Parent "RCALFR"
		LocalDrawingTransform -0.000000 0.999048 -0.043618 0.000000  -0.000000 -0.043618 -0.999048 0.000000  -1.000000 -0.000000 0.000000 0.000000  -0.847696 0.037744 -0.148601 1.000000
	}
	RotTransCoordSys "RTOE0R"
	{
		Position 0.094716 0.129962 0.000000
		Orientation -0.000000 0.000000 -0.707107 0.707107
		Parent "RFOOTR"
		LocalDrawingTransform 0.999048 0.000000 -0.043618 0.000000  -0.043618 0.000000 -0.999048 0.000000  -0.000000 1.000000 0.000000 0.000000  -0.092218 0.942412 -0.148601 1.000000
	}
}</code></pre></div>

Thank you in advance</div>

			
			
									
						<div id='list_thanks146903'>
</div>
<div id='div_post_reput146903'>
</div>

										
						</div>

		</div>

				<div class="back2top">
						<a href="#top" class="top" title="Top">
				<i class="icon fa-chevron-circle-up fa-fw icon-gray" aria-hidden="true"></i>
				<span class="sr-only">Top</span>
			</a>
					</div>
		
		</div>
	</div>

				<div id="p146909" class="post has-profile bg1">
		<div class="inner">

		<dl class="postprofile" id="profile146909">
			<dt class="has-profile-rank no-avatar">
				<div class="avatar-container">
																			</div>
								<a href="./memberlist.php?mode=viewprofile&u=71854.html" class="username">Repeperilka</a>							</dt>

						<dd class="profile-rank">n00b</dd>			
		<dd class="profile-posts"><strong>Posts:</strong> <a href="./search.php?author_id=71854&amp;sr=posts">14</a></dd>		<dd class="profile-joined"><strong>Joined:</strong> Fri Jun 08, 2018 10:36 pm</dd>		
		
						    <dd class="profile-posts" data-user-give-id="71854"><strong>Has&nbsp;thanked:</strong> <a href="/app.php/thankslist/givens/71854/true">6 times</a></dd>
    <dd class="profile-posts" data-user-receive-id="71854"><strong>Been&nbsp;thanked:</strong> <a href="/app.php/thankslist/givens/71854/false">1 time</a></dd>

							<dd class="profile-contact">
				<strong>Contact:</strong>
				<div class="dropdown-container dropdown-left">
					<a href="#" class="dropdown-trigger" title="Contact Repeperilka">
						<i class="icon fa-commenting-o fa-fw icon-lg" aria-hidden="true"></i><span class="sr-only">Contact Repeperilka</span>
					</a>
					<div class="dropdown">
						<div class="pointer"><div class="pointer-inner"></div></div>
						<div class="dropdown-contents contact-icons">
																																								<div>
																	<a href="./ucp.php?i=pm&amp;mode=compose&amp;action=quotepost&amp;p=146909" title="Send private message" class="last-cell">
										<span class="contact-icon pm-icon">Send private message</span>									</a>
																	</div>
																					</div>
					</div>
				</div>
			</dd>
				
		</dl>

		<div class="postbody">
						<div id="post_content146909">

					<h3 >
						<a href="./viewtopic.php?p=146909#p146909">Re: [HELP]Bones in noesis</a>
		</h3>

													<ul class="post-buttons">
																										<li>
							<a href="/app.php/post/146909/report" title="Report this post" class="button button-icon-only">
								<i class="icon fa-exclamation fa-fw" aria-hidden="true"></i><span class="sr-only">Report</span>
							</a>
						</li>
																										<li>
							<a href="./posting.php?mode=quote&amp;p=146909" title="Reply with quote" class="button button-icon-only">
								<i class="icon fa-quote-left fa-fw" aria-hidden="true"></i><span class="sr-only">Quote</span>
							</a>
						</li>
													<li>
			<a id='lnk_thanks_post146909' href="./viewtopic.php?f=16&amp;p=146909&amp;thanks=146909&amp;to_id=71854&amp;from_id=123876" title="Say Thanks to the author of the post: Repeperilka"  class="button button-icon-only">
				<i class="icon thanks-icon fa-fw" aria-hidden="true"></i><span class="sr-only">Thanks</span>
			</a>
		</li>
					</ul>
							
						<p class="author">
									<a class="unread" href="./viewtopic.php?p=146909#p146909" title="Post">
						<i class="icon fa-file fa-fw icon-lightgray icon-md" aria-hidden="true"></i><span class="sr-only">Post</span>
					</a>
								<span class="responsive-hide">by <strong><a href="./memberlist.php?mode=viewprofile&u=71854.html" class="username">Repeperilka</a></strong> &raquo; </span><time datetime="2018-12-23T15:04:29+00:00">Sun Dec 23, 2018 4:04 pm</time>
			</p>
			
			
			
			<div class="content">All right, i found out how to make a bone in noesis:
<div class="codebox"><p>Code: <a href="#" onclick="selectCode(this); return false;">Select all</a></p><pre><code>class NoeBone:
	def __init__(self, index, name, matrix, parentName = None, parentIndex = -1):
		self.index = index
		self.name = name
		self.setMatrix(matrix)
		self.parentName = parentName
		self.parentIndex = parentIndex #parent index may be specified instead of parentName, if it's more convenient. this is an index corresponding to self.index, and not the position in the list.
	def __repr__(self):
		return "(NoeBone:" + repr(self.index) + "," + self.name + "," + repr(self.parentName) + "," + repr(self.parentIndex) + ")"

	def setMatrix(self, matrix):
		if not isinstance(matrix, NoeMat43):
			noesis.doException("Invalid type provided for bone matrix")
		self._matrix = matrix
	def getMatrix(self):
		return self._matrix</code></pre></div>

A "NoeMat43" is 48 bytes grouped in 4 vector 3. What i need to know now is, what are each of those vector3 for?</div>

			
			
									
						<div id='list_thanks146909'>
</div>
<div id='div_post_reput146909'>
</div>

										
						</div>

		</div>

				<div class="back2top">
						<a href="#top" class="top" title="Top">
				<i class="icon fa-chevron-circle-up fa-fw icon-gray" aria-hidden="true"></i>
				<span class="sr-only">Top</span>
			</a>
					</div>
		
		</div>
	</div>

				<div id="p146910" class="post has-profile bg2">
		<div class="inner">

		<dl class="postprofile" id="profile146910">
			<dt class="has-profile-rank has-avatar">
				<div class="avatar-container">
																<a href="./memberlist.php?mode=viewprofile&u=41194.html" class="avatar"><img class="avatar" src="./download/file.php?avatar=41194_1430129462.jpg" width="120" height="120" alt="User avatar" /></a>														</div>
								<a href="./memberlist.php?mode=viewprofile&u=41194.html" class="username">shakotay2</a>							</dt>

						<dd class="profile-rank">MEGAVETERAN<br /><img src="./images/ranks/vip-2.png" alt="MEGAVETERAN" title="MEGAVETERAN" /></dd>			
		<dd class="profile-posts"><strong>Posts:</strong> <a href="./search.php?author_id=41194&amp;sr=posts">4293</a></dd>		<dd class="profile-joined"><strong>Joined:</strong> Fri Apr 20, 2012 9:24 am</dd>		
		
											<dd class="profile-custom-field profile-phpbb_location"><strong>Location:</strong> Nexus, searching for Jim Kirk</dd>
							    <dd class="profile-posts" data-user-give-id="41194"><strong>Has&nbsp;thanked:</strong> <a href="/app.php/thankslist/givens/41194/true">1152 times</a></dd>
    <dd class="profile-posts" data-user-receive-id="41194"><strong>Been&nbsp;thanked:</strong> <a href="/app.php/thankslist/givens/41194/false">2245 times</a></dd>

							<dd class="profile-contact">
				<strong>Contact:</strong>
				<div class="dropdown-container dropdown-left">
					<a href="#" class="dropdown-trigger" title="Contact shakotay2">
						<i class="icon fa-commenting-o fa-fw icon-lg" aria-hidden="true"></i><span class="sr-only">Contact shakotay2</span>
					</a>
					<div class="dropdown">
						<div class="pointer"><div class="pointer-inner"></div></div>
						<div class="dropdown-contents contact-icons">
																																								<div>
																	<a href="./ucp.php?i=pm&amp;mode=compose&amp;action=quotepost&amp;p=146910" title="Send private message" class="last-cell">
										<span class="contact-icon pm-icon">Send private message</span>									</a>
																	</div>
																					</div>
					</div>
				</div>
			</dd>
				
		</dl>

		<div class="postbody">
						<div id="post_content146910">

					<h3 >
						<a href="./viewtopic.php?p=146910#p146910">Re: [HELP]Bones in noesis</a>
		</h3>

													<ul class="post-buttons">
																										<li>
							<a href="/app.php/post/146910/report" title="Report this post" class="button button-icon-only">
								<i class="icon fa-exclamation fa-fw" aria-hidden="true"></i><span class="sr-only">Report</span>
							</a>
						</li>
																										<li>
							<a href="./posting.php?mode=quote&amp;p=146910" title="Reply with quote" class="button button-icon-only">
								<i class="icon fa-quote-left fa-fw" aria-hidden="true"></i><span class="sr-only">Quote</span>
							</a>
						</li>
													<li>
			<a id='lnk_thanks_post146910' href="./viewtopic.php?f=16&amp;p=146910&amp;thanks=146910&amp;to_id=41194&amp;from_id=123876" title="Say Thanks to the author of the post: shakotay2"  class="button button-icon-only">
				<i class="icon thanks-icon fa-fw" aria-hidden="true"></i><span class="sr-only">Thanks</span>
			</a>
		</li>
					</ul>
							
						<p class="author">
									<a class="unread" href="./viewtopic.php?p=146910#p146910" title="Post">
						<i class="icon fa-file fa-fw icon-lightgray icon-md" aria-hidden="true"></i><span class="sr-only">Post</span>
